1
19
4401370.0 961.0 168.0 428.0 427.0 163.0 611.0 800.0 823.0 350.0 28.0 76.0 293.0 986.0 122.0 565.0 152.0 987.0 532.0 656.0
191.0 5124262.0 293.0 587.0 956.0 429.0 42.0 679.0 960.0 464.0 269.0 968.0 565.0 431.0 298.0 451.0 710.0 775.0 135.0 333.0
73.0 806.0 2936384.0 85.0 805.0 868.0 437.0 874.0 12.0 13.0 199.0 285.0 301.0 285.0 969.0 672.0 525.0 268.0 578.0 930.0
664.0 102.0 398.0 7229058.0 826.0 558.0 833.0 722.0 944.0 95.0 851.0 521.0 489.0 829.0 420.0 890.0 60.0 671.0 255.0 74.0
861.0 578.0 797.0 446.0 3688902.0 678.0 191.0 120.0 694.0 32.0 365.0 437.0 540.0 189.0 266.0 513.0 598.0 754.0 808.0 173.0
689.0 81.0 924.0 390.0 790.0 3797528.0 39.0 42.0 542.0 338.0 109.0 190.0 150.0 113.0 451.0 286.0 758.0 972.0 120.0 384.0
613.0 51.0 432.0 594.0 899.0 189.0 736056.0 522.0 744.0 912.0 668.0 555.0 718.0 845.0 17.0 979.0 343.0 317.0 263.0 270.0
299.0 8.0 866.0 874.0 595.0 958.0 182.0 1942720.0 121.0 81.0 388.0 937.0 304.0 355.0 216.0 13.0 88.0 429.0 344.0 386.0
184.0 211.0 108.0 522.0 177.0 812.0 459.0 129.0 2403120.0 51.0 237.0 897.0 104.0 6.0 483.0 373.0 388.0 705.0 650.0 677.0
944.0 713.0 780.0 767.0 83.0 433.0 890.0 663.0 178.0 7324881.0 447.0 372.0 48.0 1000.0 822.0 721.0 204.0 767.0 281.0 66.0
115.0 624.0 85.0 558.0 137.0 477.0 582.0 575.0 488.0 482.0 7570020.0 419.0 726.0 954.0 236.0 273.0 649.0 431.0 997.0 87.0
285.0 819.0 57.0 851.0 578.0 330.0 764.0 158.0 426.0 273.0 134.0 2296148.0 759.0 875.0 66.0 658.0 732.0 177.0 542.0 739.0
9.0 932.0 523.0 801.0 869.0 390.0 856.0 766.0 851.0 363.0 193.0 38.0 9113112.0 579.0 924.0 432.0 580.0 570.0 896.0 720.0
176.0 615.0 383.0 143.0 975.0 566.0 402.0 685.0 407.0 207.0 339.0 296.0 892.0 547658.0 258.0 655.0 30.0 602.0 252.0 156.0
698.0 816.0 457.0 750.0 896.0 904.0 920.0 578.0 60.0 969.0 369.0 162.0 792.0 396.0 5004800.0 251.0 636.0 95.0 865.0 334.0
830.0 656.0 302.0 693.0 476.0 134.0 488.0 18.0 23.0 691.0 446.0 911.0 533.0 885.0 80.0 5697125.0 259.0 277.0 986.0 206.0
899.0 176.0 722.0 191.0 13.0 546.0 988.0 39.0 846.0 781.0 903.0 378.0 151.0 877.0 180.0 338.0 8672260.0 613.0 323.0 64.0
952.0 163.0 397.0 137.0 334.0 813.0 642.0 309.0 685.0 208.0 713.0 949.0 496.0 574.0 377.0 179.0 544.0 5009454.0 525.0 676.0
675.0 254.0 84.0 156.0 911.0 344.0 715.0 552.0 246.0 121.0 661.0 926.0 415.0 301.0 749.0 6.0 831.0 100.0 5394960.0 152.0